160
0.009603
0.082345
0.003590
0.002226
0.001449
0.018536
0.022755
0.074709
0.047265
0.017687
0.065273
-0.000456
-0.023777
0.001095
0.047006
0.006609
0.022104
0.088515
0.017378
0.011488
0.004302
0.001893
0.002055
0.004123
0.010689
0.004245
0.002731
0.000008
0.000769
0.002788
0.000189
0.004561
0.005642
0.022766
0.003548
-0.000594
0.001794
-0.005913
0.016035
0.000707
0.002669
0.004936
0.001822
-0.002053
0.003377
0.002510
0.005395
-0.000908
0.000380
0.002403
0.000414
0.001447
0.000396
0.002075
-0.000003
0.000608
0.000473
0.001102
0.000374
0.000303
0.000247
0.000008
-0.000003
-0.009603
-0.082345
-0.003590
-0.002226
-0.001449
-0.018536
-0.022755
-0.074709
-0.047265
-0.017687
-0.065273
0.000456
0.023777
-0.001095
-0.047006
-0.006609
-0.022104
-0.088515
-0.017378
-0.011488
-0.004302
-0.001893
-0.002055
-0.004123
-0.010689
-0.004245
-0.002731
-0.000008
-0.000769
-0.002788
-0.000189
-0.004561
-0.005642
-0.022766
-0.003548
0.000594
-0.001794
0.005913
-0.016035
-0.000707
-0.002669
-0.004936
-0.001822
0.002053
-0.003377
-0.002510
-0.005395
0.000908
-0.000380
-0.002403
-0.000414
-0.001447
-0.000396
-0.002075
0.000003
-0.000608
-0.000473
-0.001102
-0.000374
-0.000303
-0.000247
-0.000008
0.000003
0.012676
0.002439
-0.015116
0.009078
0.013612
-0.022690
0.010153
0.005252
-0.015405
-0.054960
0.000457
0.054503
-0.026787
-0.003460
0.030247
-0.027539
-0.003219
0.030758
0.024394
0.000519
-0.014186
-0.010726
0.000000
0.000000
0.000000
0.000000
0.000000
0.000000
0.000000
0.000000
0.000000
0.000000
0.000000
0.000000
